-2.0 6.088985764783264E-8
-1.8 2.0207944880088543E-7
-1.6 6.704317644029633E-7
-1.4000000000000001 2.222918124445642E-6
-1.2000000000000002 7.362288603290721E-6
-1.0000000000000002 2.4334969898007012E-5
-0.8000000000000003 8.014357432631592E-5
-0.6000000000000003 2.6221215009896364E-4
-0.4000000000000003 8.478506432792215E-4
-0.2000000000000003 0.0026848814354182584
-2.7755575615628914E-16 0.008200570518363261
0.19999999999999973 0.02358447137218061
0.39999999999999974 0.06173142037638265
0.5999999999999998 0.14132455841667896
0.7999999999999998 0.2738114642373215
0.9999999999999998 0.4444444444444442
1.1999999999999997 0.6157217698211364
1.3999999999999997 0.7553590647074766
1.5999999999999996 0.85314782026045
1.7999999999999996 0.9151011352412677
1.9999999999999996 0.9520121551919472
2.1999999999999997 0.973226188530969
2.4 0.9851714033257597
2.6 0.9918207722346132
2.8000000000000003 0.9954986727466336
3.0000000000000004 0.9975258483793887
3.2000000000000006 0.9986410186556701
3.400000000000001 0.9992538320264273
3.600000000000001 0.9995903908987
3.800000000000001 0.9997751705941217
